#
#
#  Percent Identity  Matrix - created by Clustal2.1 
#
#

     1: NT_5019     100.00   80.14   81.51   84.25   83.90   84.93   69.07   72.26   72.26   72.26   72.26   72.26   72.26   72.26   71.92   74.66   75.34   73.97   75.00   75.68   73.97   74.23   77.74   73.88   73.63   74.32   74.66   73.97
     2: NT_5071      80.14  100.00   88.70   88.36   87.33   88.70   71.13   75.00   75.00   75.00   75.00   75.00   75.00   75.00   74.66   77.40   78.42   77.05   79.11   78.42   77.74   80.76   75.68   76.63   76.03   76.37   74.66   75.00
     3: NT_5001      81.51   88.70  100.00   94.52   92.81   93.84   72.16   75.34   75.34   75.34   75.34   75.34   75.34   75.34   73.63   77.74   76.03   77.05   77.05   78.77   77.40   79.38   78.42   77.32   77.40   78.77   78.08   78.77
     4: NT_5002      84.25   88.36   94.52  100.00   95.55   96.58   73.88   76.71   76.71   76.71   76.71   76.71   76.71   76.71   76.37   79.45   79.11   77.40   78.42   80.14   78.08   82.82   80.48   79.04   80.48   81.16   79.11   79.11
     5: NT_5003      83.90   87.33   92.81   95.55  100.00   98.63   72.16   77.40   77.40   77.40   77.40   77.40   77.40   77.40   77.05   79.79   79.45   76.37   77.74   79.45   77.05   82.13   78.77   80.41   79.45   80.82   79.79   78.42
     6: NT_5004      84.93   88.70   93.84   96.58   98.63  100.00   72.51   77.40   77.40   77.40   77.40   77.40   77.40   77.40   77.05   78.42   78.77   75.68   77.74   78.77   76.37   82.13   79.79   79.38   79.45   80.82   79.45   78.77
     7: NT_5006      69.07   71.13   72.16   73.88   72.16   72.51  100.00   75.95   75.95   75.95   75.95   75.95   75.95   75.95   76.29   78.69   79.04   78.69   78.35   81.10   80.07   81.79   80.76   81.38   83.51   81.79   82.13   82.82
     8: NT_5078*     72.26   75.00   75.34   76.71   77.40   77.40   75.95  100.00  100.00  100.00  100.00  100.00  100.00  100.00   96.92   83.22   83.22   80.82   81.16   79.45   82.19   80.41   82.19   80.41   83.90   81.16   80.82   80.82
     9: NT_12004*    72.26   75.00   75.34   76.71   77.40   77.40   75.95  100.00  100.00  100.00  100.00  100.00  100.00  100.00   96.92   83.22   83.22   80.82   81.16   79.45   82.19   80.41   82.19   80.41   83.90   81.16   80.82   80.82
    10: NT_12010*    72.26   75.00   75.34   76.71   77.40   77.40   75.95  100.00  100.00  100.00  100.00  100.00  100.00  100.00   96.92   83.22   83.22   80.82   81.16   79.45   82.19   80.41   82.19   80.41   83.90   81.16   80.82   80.82
    11: NT_12016*    72.26   75.00   75.34   76.71   77.40   77.40   75.95  100.00  100.00  100.00  100.00  100.00  100.00  100.00   96.92   83.22   83.22   80.82   81.16   79.45   82.19   80.41   82.19   80.41   83.90   81.16   80.82   80.82
    12: NT_12097*    72.26   75.00   75.34   76.71   77.40   77.40   75.95  100.00  100.00  100.00  100.00  100.00  100.00  100.00   96.92   83.22   83.22   80.82   81.16   79.45   82.19   80.41   82.19   80.41   83.90   81.16   80.82   80.82
    13: NT_12194*    72.26   75.00   75.34   76.71   77.40   77.40   75.95  100.00  100.00  100.00  100.00  100.00  100.00  100.00   96.92   83.22   83.22   80.82   81.16   79.45   82.19   80.41   82.19   80.41   83.90   81.16   80.82   80.82
    14: NT_12195*    72.26   75.00   75.34   76.71   77.40   77.40   75.95  100.00  100.00  100.00  100.00  100.00  100.00  100.00   96.92   83.22   83.22   80.82   81.16   79.45   82.19   80.41   82.19   80.41   83.90   81.16   80.82   80.82
    15: NT_14002*    71.92   74.66   73.63   76.37   77.05   77.05   76.29   96.92   96.92   96.92   96.92   96.92   96.92   96.92  100.00   83.22   83.90   80.48   81.51   80.48   81.16   81.44   82.53   80.07   84.25   82.19   79.79   79.79
    16: NT_5046      74.66   77.40   77.74   79.45   79.79   78.42   78.69   83.22   83.22   83.22   83.22   83.22   83.22   83.22   83.22  100.00   93.49   91.44   93.49   92.81   92.81   86.60   85.96   82.13   84.93   82.88   81.51   80.48
    17: NT_5011      75.34   78.42   76.03   79.11   79.45   78.77   79.04   83.22   83.22   83.22   83.22   83.22   83.22   83.22   83.90   93.49  100.00   90.41   92.81   92.81   93.15   85.91   85.96   84.54   85.96   84.25   83.56   82.53
    18: NT_5076      73.97   77.05   77.05   77.40   76.37   75.68   78.69   80.82   80.82   80.82   80.82   80.82   80.82   80.82   80.48   91.44   90.41  100.00   93.84   92.81   94.52   85.91   85.62   82.13   82.88   81.51   81.16   81.16
    19: NT_5026      75.00   79.11   77.05   78.42   77.74   77.74   78.35   81.16   81.16   81.16   81.16   81.16   81.16   81.16   81.51   93.49   92.81   93.84  100.00   95.21   94.52   86.60   86.99   82.47   84.25   82.19   82.19   81.51
    20: NT_5037      75.68   78.42   78.77   80.14   79.45   78.77   81.10   79.45   79.45   79.45   79.45   79.45   79.45   79.45   80.48   92.81   92.81   92.81   95.21  100.00   94.18   88.66   86.64   83.85   85.96   83.90   83.56   82.88
    21: NT_5048      73.97   77.74   77.40   78.08   77.05   76.37   80.07   82.19   82.19   82.19   82.19   82.19   82.19   82.19   81.16   92.81   93.15   94.52   94.52   94.18  100.00   84.54   85.27   82.82   84.25   81.85   81.51   81.51
    22: NT_23006*    74.23   80.76   79.38   82.82   82.13   82.13   81.79   80.41   80.41   80.41   80.41   80.41   80.41   80.41   81.44   86.60   85.91   85.91   86.60   88.66   84.54  100.00   86.94   86.90   89.00   88.32   84.54   83.85
    23: NT_5032      77.74   75.68   78.42   80.48   78.77   79.79   80.76   82.19   82.19   82.19   82.19   82.19   82.19   82.19   82.53   85.96   85.96   85.62   86.99   86.64   85.27   86.94  100.00   84.19   88.01   85.96   85.27   83.56
    24: NT_5038      73.88   76.63   77.32   79.04   80.41   79.38   81.38   80.41   80.41   80.41   80.41   80.41   80.41   80.41   80.07   82.13   84.54   82.13   82.47   83.85   82.82   86.90   84.19  100.00   91.07   90.38   90.03   86.94
    25: HM04         73.63   76.03   77.40   80.48   79.45   79.45   83.51   83.90   83.90   83.90   83.90   83.90   83.90   83.90   84.25   84.93   85.96   82.88   84.25   85.96   84.25   89.00   88.01   91.07  100.00   93.15   91.78   90.41
    26: NT_14073*    74.32   76.37   78.77   81.16   80.82   80.82   81.79   81.16   81.16   81.16   81.16   81.16   81.16   81.16   82.19   82.88   84.25   81.51   82.19   83.90   81.85   88.32   85.96   90.38   93.15  100.00   91.78   92.12
    27: NT_5007      74.66   74.66   78.08   79.11   79.79   79.45   82.13   80.82   80.82   80.82   80.82   80.82   80.82   80.82   79.79   81.51   83.56   81.16   82.19   83.56   81.51   84.54   85.27   90.03   91.78   91.78  100.00   94.52
    28: NT_14076     73.97   75.00   78.77   79.11   78.42   78.77   82.82   80.82   80.82   80.82   80.82   80.82   80.82   80.82   79.79   80.48   82.53   81.16   81.51   82.88   81.51   83.85   83.56   86.94   90.41   92.12   94.52  100.00
